769.5488721804438
777.0676691729243
356.0150375939825
483.8345864661585
762.0300751879627
468.79699248120045
416.1654135338287
762.0300751879619
17.66917293233037
498.8721804511206
844.7368421052548
814.6616541353309
739.4736842105181
739.4736842105182
777.0676691729234
807.1428571428489
754.5112781954814
513.9097744360837
701.8796992481144
769.5488721804435
829.6992481202924
453.7593984962379
754.5112781954816
882.3308270676599
807.1428571428478
716.9172932330763
438.7218045112708
777.0676691729234
814.6616541353291
739.4736842105191
777.0676691729238
754.5112781954801
506.39097744360663
814.661654135329
716.9172932330746
589.0977443608944
897.3684210526225
829.6992481202923
581.5789473684138
852.255639097736
528.9473684210453
762.0300751879614
882.3308270676599
829.6992481202914
746.9924812029984
829.6992481202914
551.5037593984943
739.4736842105174
543.9849624060087
